むなしくなる	83-5881-S,83-5922-S,110-3975-S,110-4054-S
むなもと	35-5192-S
むに	184-4197-S,215-4989-S
むにする	329-3551-S
むにむさん	81-4294-S,244-265-S
むね	35-5172-S,48-1964-S,230-4083-S,237-2078-S,306-3494-S,333-1838-S
むねあて	35-5376-S
むねかざり	37-1436-S
むねくそ	87-4305-S
むねさんずん	142-4052-S,189-5264-S
むねやけ	142-4406-S
むねん	45-4477-S,246-5951-S
むのう	154-5794-S,156-7220-S
むのうりょく	85-4199-S,153-5889-S,154-5826-S
むひ	215-5042-S
むひつ	150-5626-S
むひはん	317-7133-S
むひょう	256-1397-S
むひょうじょう	111-1281-S
むび	19-4476-S,93-2865-S
むふう	40-4594-S,333-3790-S
むふんべつ	156-2784-S,307-1431-S
むへん	34-3452-S,157-4480-S
むへんさい	34-3481-S,157-4508-S
むへんざい	34-3519-S,157-4545-S
むほう	209-1493-S
むほうしゃ	208-5856-S
むほうしゅう	135-5937-S
むほうじょうたい	171-5582-S
むほうもの	208-5891-S
むほん	242-5181-S,242-5210-S,313-2812-S
むぼう	244-0-S,244-664-S,307-987-S
むま	295-3021-S
むみ	94-4967-S
むみょう	74-3781-S
むめい	14-1403-S,14-1584-S,196-2916-S
むもう	139-1652-S
むやみ	108-3544-S,108-3602-S,243-6703-S,244-65-S
むやみに	2-4976-S,2-5010-S,156-2386-S,156-2424-S,244-307-S,244-343-S,320-4459-S,320-4497-S
むゆうびょうしゃ	281-1107-S
むよう	128-5672-S,322-977-S
むよく	320-5830-S,320-5859-S
むら	165-1228-S,318-6112-S,326-108-S
むらがる	130-2278-S,299-4797-S
むらき	41-5865-S,193-4030-S,332-1352-S
むらさき	326-2988-S
むらさきいろ	326-3014-S
むらさきすいしょう	12-2642-S
むらさきずいしょう	12-2691-S
むらざと	326-192-S
むらはちぶ	208-3446-S
むらびと	326-336-S
むらむらと	165-1389-B,295-4205-B
むり	153-99-S,320-3956-S
むりじい	111-5705-S
むりやり	123-3700-S,123-3737-S
むりょ	17-1132-S
むりょう	126-2388-S,151-4056-S
むりょく	143-5581-S,154-6177-S,226-5773-S
むるい	184-4252-S
むれ	29-4903-S,52-5027-S,71-65-S,121-4222-S,137-3167-S,144-873-S,263-2410-S,299-4828-S
むれる	71-87-S,121-4244-S,194-3197-S,299-4850-S
むろ	44-5849-S,136-4500-S
むろん	197-983-S
むんむん	293-1828-B
め	112-3500-S,112-3557-S,112-3571-S,112-3646-S,285-4017-S
めあたらしい	198-5788-S,201-1882-S,208-0-S
めあて	101-1810-S,138-2861-S,202-2904-S,237-2183-S,325-4831-S
めい	55-2354-S,74-3058-S,77-117-S,81-6545-S,174-5713-S,199-1555-S
めいあん	132-5377-S,132-5405-S,270-19-S,270-47-S
めいうつ	169-4709-S,183-3833-S
めいうん	92-559-S,115-4619-S
めいかい	50-3877-S,50-3907-S
めいかく	50-3819-S,77-5298-S
めいかん	85-3480-S,176-2835-S
めいが	184-2349-S
めいがら	35-1379-S,81-485-S,181-3831-S
めいき	248-5734-S,283-564-S
めいきゅう	170-163-S,185-2165-S,196-1656-S
めいきん	281-1780-S
めいぎ	196-2783-S
めいげん	76-3237-S,287-5525-S
めいこう	69-265-S
めいこん	174-5731-S
めいさい	40-5934-S,87-4136-S,203-3237-S
めいさく	184-2281-S
めいさつ	86-1639-S,159-5681-S,216-784-S
めいし	44-5551-S,201-1287-S,218-1671-S
めいしてき	110-4951-S
めいしゃ	203-6023-S,203-6056-S
めいしゅ	110-3011-S,172-2366-S
めいしょう	196-2753-S
めいしん	297-3597-S
めいじ	196-2807-S,283-531-S,304-5416-S
めいじてき	110-4988-S
めいじょう	81-238-S
めいじる	16-3544-S,55-2375-S,207-287-S
めいじん	110-2982-S,184-1619-S
めいすう	82-0-S
めいずる	16-3577-S
めいせい	114-3367-S
めいせき	51-1165-S
めいそう	63-3598-S,63-3739-S,186-2388-S,186-2682-S
めいたつ	333-5579-S
めいだい	234-1057-S,306-1035-S
めいちょ	184-2380-S
めいちょう	50-3729-S,179-3384-S
めいてい	94-3249-S,163-4668-S
めいてつ	260-2915-S,333-5550-S
めいとく	326-4001-S
めいど	36-3418-S
めいぬ	30-5978-S
めいはく	126-814-S,203-3207-S,210-1861-S,221-4935-S
めいばつ	254-664-S
めいひん	184-2315-S
めいび	27-3035-S,27-3064-S,220-864-S
めいびん	86-1673-S,161-4381-S
めいぶつ	282-5670-S,283-32-S
めいぶん	159-3530-S,167-5195-S,251-679-S
めいぶんか	289-5308-S
めいほう	11-689-S
めいぼう	249-2571-S,251-610-S
めいみゃく	174-5758-S
めいむ	79-840-S,114-1888-S,151-502-S
めいめい	74-3076-S,74-3103-S,90-6081-S,90-6110-S,96-153-S,96-180-S,156-4266-S,156-4299-S,164-4835-S,164-4867-S,196-3226-S
めいめいほう	200-219-S
めいめつ	31-4990-S,121-2918-S
めいもう	79-868-S,114-1915-S,151-530-S
めいもく	200-284-S
めいもんく	15-2761-S,103-6529-S
めいやく	68-2761-S,202-1697-S,210-5804-S,223-793-S
めいゆう	287-2251-S
めいよ	69-3873-S,146-5733-S,229-4128-S
めいよきそん	77-2260-S,77-2305-S,174-2800-S,174-2840-S,276-4692-S,276-4734-S
めいりょう	50-3937-S,51-1134-S,179-3313-S,221-4283-S
めいりょうど	19-1078-S
めいれい	55-2408-S,77-137-S,85-2638-S,207-318-S
めいれいいっか	151-4579-S
めいれいしょ	77-166-S,85-2670-S
めいろ	170-198-S,185-2195-S
めいろう	36-2417-S,47-6192-S,51-1193-S
めいろん	114-1945-S
めいわく	14-324-S,34-1440-S,315-723-S
めいわくをかける	14-124-S,34-1469-S
めうえ	267-3428-S
めうし	68-4064-S,68-4087-S,143-2075-S
めうち	217-84-S
めうつり	89-6201-S
めおと	67-6247-S,211-2118-S
めかくし	184-67-S
めかけ	59-5548-S,191-2690-S
めかた	331-1687-S
めがお	178-2350-S,273-5546-S
めがね	132-3721-S
めがねざる	302-4998-S
めがねや	206-3941-S
めがみ	133-5250-S
めきき	61-4503-S,167-1452-S
めきめき	62-5214-B
めく	184-3077-B
めくされがね	221-1440-S
めくら	31-4878-S,150-4272-S,150-4501-S
めくらめっぽう	244-731-S
めくるめく	75-782-S
めぐすり	112-4110-S
めぐみ	31-4422-S
めぐむ	31-4168-S,37-4589-S,285-4034-S
めぐらす	100-4591-S
めぐり	132-2057-S,220-2649-S
めぐりあわせ	46-26-S,115-4808-S
めこぼし	61-4404-S,210-74-S
めさき	151-4333-S
めざましい	36-4504-S,36-4545-S,248-4867-S,248-4909-S,284-3085-S,284-3125-S,292-1990-S,292-2030-S
めざめ	328-2519-S
めざわり	112-3988-S
めし	40-2675-S,123-240-S
めしあがりもの	123-30-S
めしあがる	96-5081-S
めしあげる	60-5203-S,124-1284-S
めしい	31-4904-S,150-4298-S,150-4527-S
めしかかえる	100-968-S,101-6135-S
めした	167-3475-S
めしたき	65-2357-S
めしだす	296-4581-S
めしつかい	187-2566-S,187-2604-S,187-2636-S,268-5355-S,268-5394-S,268-5427-S
めしつかう	100-930-S
めしつれる	3-4138-S
めしとる	16-5109-S,18-4489-S
めしどき	185-2944-S
めしもの	52-3892-S
めじ	166-3682-S
めじるし	170-4801-S,183-3653-S,273-5100-S
めす	39-3022-S,93-5591-S,96-5119-S,330-3946-S
めすいぬ	30-6003-S,30-6031-S
めすのきつね	327-2580-S
めずらしい	240-5038-S,321-207-S
めそめそ	279-4152-B
めだか	168-3746-S
めだち	37-4699-S,285-4162-S
めちゃ	2-4254-S,60-6919-B,108-3675-S,112-2202-B,188-591-B,255-5347-S
めちゃくちゃ	2-4064-S,2-4321-S,108-3500-S,108-3748-S,320-3909-S,320-4181-S
めちゃめちゃ	2-4023-S,2-4280-S,108-3456-S,108-3704-S,240-5661-S,241-0-S,320-3862-S,320-4134-S
めっきゃく	82-1736-S,97-4430-S
めっきり	248-5080-B
めっきん	288-5879-S
めっけもの	25-5079-S,119-782-S
めっさつ	13-5031-S,202-4668-S
めっし	267-834-S
めっそう	2-3994-S,112-1476-S
めった	42-4438-S,243-6632-S,307-916-S
めったに	266-2287-S
めったにない	240-4936-S,240-4978-S
めったやたら	156-2959-S,243-6660-S
めっぽう	2-3965-S,112-657-S,154-4896-S,325-609-S
めつき	178-2323-S
めつぼう	54-1149-S,82-1702-S,92-3330-S,259-1356-S
めつれつ	154-4929-S
めでたい	22-5279-S,140-3301-S,140-3335-S,167-384-S,167-419-S,233-6131-S,233-6170-S
めでたし	334-4269-S
めでる	6-3205-S,179-630-S
めど	9-3260-S,133-4543-S,209-606-S,209-630-S
めにあう	295-5022-S,295-5057-S
めにうかぶ	220-777-S
めぬき	115-2673-S,152-6046-S,181-1189-S,230-3556-S
めのう	8-1979-S
めのかたき	101-4911-S
めのたま	112-3589-S
めのつんだ	52-2131-S
めのまえ	151-4298-S,151-5452-S
めはな	124-3744-S,270-4398-S
めばえ	37-4641-S,285-4098-S
めばえる	37-4667-S,285-4127-S
めぶく	37-4615-S
めぼし	202-3678-S
めぼしい	48-2952-S,152-6008-S,181-1156-S,323-2410-S
めまい	91-1205-S,91-1237-S,91-1266-S,132-73-S,132-105-S,132-134-S,325-323-S
めまぐるしい	91-1314-S,143-1322-S
めみえ	163-2350-S
めめしい	97-5319-S,97-5403-S
めもあや	36-4469-S
めもり	262-1892-S,262-1917-S
めやす	9-3280-S,70-1590-S
めりやす	147-3645-S
めをくらます	76-219-S
めをだす	285-4063-S
めをつぶる	150-4839-S
めをとおす	262-2402-S
めをやる	178-2290-S
めん	66-2088-S,88-266-S,112-5800-S,184-181-S,195-864-S,211-45-S,298-4222-S
めんえき	151-6649-S,152-143-S
めんえきけっせい	268-5032-S
めんえきせい	152-0-S
めんえきたい	14-3900-S
めんかい	163-2411-S
めんかいにん	327-1036-S
めんかん	86-2200-S,88-289-S
めんきょ	45-3287-S,174-4273-S,174-4504-S,217-5022-S
めんきょしょう	174-4303-S,174-4576-S,217-5092-S
めんきょじょう	45-3321-S,174-4534-S,217-5051-S
めんこうふはい	121-1200-S
めんざい	4-4884-S,212-4564-S
めんざいふ	156-6187-S
めんしき	4-4397-S
めんしょく	58-561-S,86-2232-S,88-321-S,111-1104-S
めんじょ	86-2267-S,109-1596-S,109-5228-S
めんじょう	85-1309-S,174-4240-S
めんじる	88-141-S,109-1532-S
めんずる	109-1564-S
めんせき	17-4903-S
めんせきじょうこう	86-3621-S
めんせつ	163-2443-S
めんせつしけん	163-2475-S
めんぜん	228-6879-S
めんそ	4-4916-S
めんそう	67-3511-S
めんだん	163-2522-S
めんちゅつ	88-356-S
めんつ	112-5845-S
めんてい	112-5818-S
めんどう	22-879-S,42-2801-S,84-1833-S,315-807-S
めんどうくさい	309-536-S
めんどり	144-36-S,144-62-S,144-114-S,144-140-S
めんばばとう	2-6204-S
めんぴ	112-5926-S
めんぶ	112-6004-S
めんぼう	4-3539-S,220-3967-S
めんぼく	69-3948-S,84-3549-S,112-5950-S,147-176-S,229-4184-S,251-1003-S
めんぽお	327-1103-S
めんみつ	42-3899-S,190-1126-S,264-2260-S,306-4599-S
めんめん	10-2874-S,10-2900-S,101-3150-S,317-3745-S
めんめんたる	63-6187-S,101-3180-S
めんもう	92-3183-S,122-790-S,128-5915-S
めんもく	69-3977-S,84-3579-S,112-5977-S,147-205-S,229-4215-S,251-1036-S
めんよう	196-1148-S,271-1015-S,271-1043-S,291-1090-S,331-2404-S
めんるい	324-5367-S
も	10-162-S,65-5695-S,151-2711-S,194-3973-S,264-5830-S
もう	8-1442-B,11-2472-B,150-4585-S,193-5514-B,198-3745-S,281-2135-B
もうあく	21-3064-S,117-2841-S,261-5487-S
もうい	128-4737-S,187-2293-S,226-5444-S
もういちど	8-1455-S
もうかん	41-4574-S
もうけ	105-3268-S,228-4947-S,232-749-S,232-772-S,235-2000-S
もうけもの	133-5578-S,133-5614-S
もうける	69-2489-S,96-1030-S,105-2682-S,129-232-S,131-4882-S
もうご	114-2416-S,174-5368-S
もうさいけっかん	41-4606-S
もうしあげる	262-1072-S,287-4895-S,303-6042-S
もうしあわせ	16-4141-S,16-4190-S,18-3652-S,18-3701-S
もうしあわせる	18-2742-S
もうしいで	50-2520-S,50-2585-S,200-5831-S,200-5930-S,234-495-S,234-640-S,250-3300-S,250-3399-S,251-1663-S,251-1810-S
もうしいれ	200-5761-S,200-5869-S,204-1313-S,204-1387-S,234-421-S,234-575-S,234-1227-S,234-1270-S,250-3230-S,250-3338-S
もうしいれる	234-933-S,296-27-S
もうしうける	3-1047-S
もうしきかせる	303-6159-S
もうしこみ	16-2746-S,16-2823-S,16-2860-S,45-5480-S,45-5562-S,45-5597-S,103-3660-S,103-3697-S,103-3728-S,204-1350-S,204-1418-S,204-1449-S,210-2506-S,210-2546-S,210-2580-S,234-535-S,234-677-S,234-711-S,251-1741-S,251-1876-S,251-1909-S,294-3518-S,294-3562-S,294-3600-S
もうしこむ	33-2343-S,33-2379-S,45-5521-S,45-5635-S,251-5016-S,251-5055-S
もうしたて	10-3347-S,10-3389-S,10-3425-S
もうしたてにん	57-3648-S,57-3700-S,219-170-S,219-221-S
もうしたてる	76-3640-S,222-5104-S
もうしつける	160-6893-S,160-6939-S,207-515-S,207-558-S
もうしで	50-2489-S,50-2557-S,200-5799-S,200-5901-S,234-461-S,234-609-S,250-3268-S,250-3370-S,251-1630-S,251-1780-S
もうしでる	251-1702-S,294-2329-S,296-72-S,303-6084-S
もうしのべる	262-1113-S,262-1177-S,287-4938-S,287-4981-S
もうしひらく	110-4127-S,167-5387-S
もうしぶん	202-3364-S
もうしよう	111-627-S
もうしわけ	15-3143-S,109-235-S
もうしわけありません	157-1118-S
もうしわけない	157-1188-S,157-1240-S
もうしわたす	13-5793-S,76-3598-S,207-601-S,303-6120-S
もうしん	69-4208-S,69-4240-S,229-4379-S
もうじょう	139-1331-S,198-3682-S,324-351-S
もうじょうそしき	198-3868-S
もうす	262-1154-S
もうせつ	114-1732-S
もうせん	43-284-S,259-880-S
もうせんごけ	296-4953-S
もうぜん	118-1925-S,261-5664-S
もうそう	79-688-S,79-778-S
もうそうしょう	212-3317-S
もうちょう	16-1509-S,40-59-S
もうちょうえん	16-1047-S
もうちょうえんしゅじゅつ	16-956-S
もうどう	329-2223-S
もうはつ	139-1361-S
もうふ	31-2811-S
もうまい	150-4417-S,150-4553-S,150-4608-S
もうまく	253-5390-S
もうもう	79-4856-S,79-4986-S,84-5561-S,84-5689-S,306-1401-S,306-1602-S
もうもうたる	79-4946-S,79-5014-S,84-5651-S,84-5715-S,306-1562-S,306-1630-S,323-40-S,323-80-S
もうもく	31-4930-S
もうら	68-3493-S
もうれつ	239-5646-S,324-2233-S,326-2677-S
もうろう	12-1506-S,84-5587-S,113-3726-S,141-5847-S,156-3811-S,322-6095-S
もうろうたる	84-5613-S,141-5874-S,202-5558-S,322-6123-S
もうろく	267-3194-S
もう一度 もういちど	8-1455-B
もえさかる	31-3253-S
もえたつ	285-4255-S
もえつく	150-4107-S
もえでる	37-4725-S,285-4220-S
もえる	38-5891-S,285-4191-S
もがく	292-4924-S,336-614-S
もがみ	29-3462-S
もがり	111-5743-S
もぎ	151-3161-S,151-3303-S,191-6107-S,191-6149-S,270-2512-S,270-2578-S
もぎとる	219-6740-S,220-18-S
もぎ取る もぎとる	219-6740-B
もくげき	211-5926-S
もくげきしゃ	334-2741-S
もくさつ	150-5158-S,271-2214-S,279-0-S
もくさん	14-4623-S,40-1779-S,105-4000-S,222-150-S
もくざい	179-4599-S,308-2718-S,334-4662-S
もくし	15-2990-S,112-3929-S,265-6210-S,273-4524-S,285-1123-S
もくしつ	334-5213-S
もくじゅう	4-4605-S
もくする	89-5445-S,244-1700-S
もくせい	334-4848-S
もくそう	186-2844-S
もくぞう	334-4877-S
もくたん	46-4731-S
もくちょう	334-4721-S
もくてき	9-3303-S,133-4456-S,161-6434-S,202-3742-S,237-2213-S
もくてきぶつ	202-2933-S
もくてきろん	303-5350-S
もくと	133-4564-S,209-654-S
もくにん	61-4470-S,309-3509-S
もくねん	239-700-S,239-732-S,274-1215-S,274-1245-S
もくひょう	183-3680-S,202-3707-S,302-4648-S
もくぶ	336-2533-S
もくへん	48-5811-S,284-4195-S
もくほん	313-5024-S
もくもく	195-5728-S,195-5755-S,274-1523-S,274-1552-S,301-4285-S,301-4313-S
もくやく	77-2866-S
もくよく	26-3763-S
もくれい	199-5010-S
もくれん	180-5981-S
もくろく	43-5269-S,43-5366-S,176-2862-S
もくろみ	133-4483-S,133-4513-S,161-6466-S,161-6501-S
もくろむ	103-5083-S,222-177-S,263-977-S
もぐり	90-3332-S,91-49-S
もぐる	144-6052-S
もけい	94-5701-S,192-488-S
もこ	85-107-S,323-676-S
もさ	286-5230-S
もし	150-4044-S
もしおぐさ	14-3376-S
もしかしたら	185-1782-S,217-1899-S
もしかして	217-1947-S,225-6147-S
もしかすると	185-1828-S,217-1989-S
もしくは	206-5213-S,208-4110-S
もしも	150-4063-S
もしゃ	65-5987-S,65-6071-S,250-6093-S,250-6125-S,311-789-S,311-816-S
もしゃもしゃ	39-491-B,270-1246-B,320-798-B
もじ	46-4050-S
もじどおり	176-3612-S
もじもじ	26-2239-B,118-1079-B,144-4065-B
もじゃもじゃ	320-825-B
もじり	151-3103-S,212-5997-S
もじる	212-6023-S,316-3469-S,336-244-S
もす	38-5918-S
もず	273-440-S
もぞう	67-4421-S,151-3187-S,151-3329-S,189-4431-S
もぞうしゃ	151-3615-S
もたげる	175-1243-S,240-1311-S
もたもた	156-7252-B,277-5607-B
もたらす	36-5548-S,302-724-S
もだえ	9-109-S,13-3095-S
もだえる	335-3233-S
もち	46-5047-S,93-946-S,95-1485-S,174-5902-S
もちあい	162-1817-S,162-1861-S
もちあがる	140-2303-S,140-2344-S,175-1141-S,175-1180-S,203-5120-S,203-5160-S
もちあげる	120-5237-S,240-1231-S
もちあるく	43-1025-S
もちいる	322-456-S
もちぐさ	195-905-S
もちこす	77-4513-S
もちこむ	177-4004-S
もちつもたれつ	132-2746-S
もちなおす	153-3495-S,153-3534-S,240-2219-S,240-2256-S,244-5797-S,244-5836-S
もちにげ	2-1137-S
もちぬし	210-3743-S,210-3774-S,234-1365-S,234-1401-S
もちはこぶ	43-1062-S
もちば	166-2519-S,225-4143-S,225-6336-S,258-3653-S,287-6133-S
もちまえ	46-4439-S
もちまわり	258-797-S
もちや	258-837-S
もちゅう	194-3992-S
もちろん	45-2773-S,197-849-S
もっか	201-3314-S
もっかん	32-3806-S,334-5116-S
もっきん	336-2581-S
もっけのさいわい	333-3409-S,333-3572-S
もっこう	43-200-S,63-3850-S,186-2877-S,334-5147-S
もっこうしょ	262-555-S
もっこうじょ	262-594-S
もっこうじょう	262-513-S
もったいない	260-970-S,260-1017-S,260-1064-S,260-1111-S,329-3770-S,329-3813-S,329-3856-S,329-3899-S
もって	27-4153-S,39-4033-S
もっていく	302-502-S
もってこい	150-732-S
もってのほか	2-3851-S,320-3745-S
もってゆく	302-541-S
もっと	115-1668-B,178-1358-B,193-5526-B
もっとも	11-5016-S,112-2368-S,194-1122-S,197-257-S,222-3479-S
もっともらしい	222-3511-S
もっぱら	103-1457-S,280-1978-S,332-4664-S
もつ	43-1099-S
もつれ	102-5321-S,279-506-S,279-1174-S,302-3521-S
もつれる	302-3547-S
もてなし	102-6758-S,147-4202-S
もてなす	102-6077-S
もと	207-5991-S,207-6258-S
もとい	26-2745-S
もとかた	41-5262-S,332-4158-S
もときん	41-4956-S,230-3460-S
もとじめ	34-462-S,64-4537-S,182-2475-S,182-2505-S,233-1404-S
もとちょう	173-1452-S
もとで	41-4839-S,290-28-S
もとにもどす	244-4150-S
もとにゅうきん	41-4797-S
もとね	67-1632-S
もとは	208-317-S
もとばらい	228-5555-S
もとむ	251-1480-S,266-135-S,328-4664-S
もとめ	15-4701-S,50-2464-S,79-1264-S,251-1507-S
もとめる	39-3068-S,79-1290-S,251-1534-S,266-159-S,328-4688-S
もともと	208-284-S,208-347-S,208-485-S,208-518-S
もとる	206-2199-S
もどかしい	165-2472-B,302-4336-B
もどし	254-2055-S
もどす	253-1433-S,254-1696-S
もどり	241-3511-S,244-6464-S,254-1722-S,281-42-S
もどる	254-1748-S
もにゃもにゃ	195-2762-B
もの	202-2788-S,218-1590-S,306-3280-S
ものあんじ	15-321-S,335-3683-S
ものいい	202-3329-S,234-6395-S,238-934-S,259-3174-S
ものいう	302-1939-S
ものいみ	2-3027-S,115-3772-S
