thrash	niederwerfen
thrash	prügeln
thrash	verhauen
thrash	verprügeln
thrasher	Drescher
thrashing	Dreschen
thrashing	prügelnd
thrashing	Überlastung
thread	Faden
thread	Garn
thread	Gewinde
thread	Kette
thread	Zwirn
thread	einfädeln
thread	verketten
threadbare	fadenscheinig
threat	Bedrohung
threat	Drohung
threat	drohen
threaten	androhen
threaten	bedrohen
threaten	drohen
threatening	bedrohend
threatening	drohend
threateningly	bedrohend
threateningly	bedrohende
threateningly	bedrohlich
threatens	bedroht
threatens	droht
threats	Bedrohungen
threats	Drohungen
threefold	dreifach
threescore	sechzig
threesome	Dreiergruppe
thresh	dreschen
thresh	verdreschen
threshold	Schwelle
threshold	Türschwelle
thrice	dreimal
thrift	Sparsamkeit
thriftiness	Sparsamkeit
thriftiness	Sparsamkeiten
thrifty	geizig
thrill	Nervenkitzel
thrill	durchdringen
thrill	erregen
thrill	erschauern
thrilled	durchdrungen
thrilled	erregte
thriller	Reißer
thriller	Schauergeschichte
thriller	Schauerroman
thrilling	durchdringend
thrilling	spannend
thriving	gedeihend
throat	Gurgel
throat	Hals
throat	Kehle
throat	Rachen
throaty	rau
throb	klopfen
throb	pochen
thrombosis	Thrombose
throne	Thron
throng	Gedränge
throng	Zulauf
throng	bedrängen
throstle	Drossel
throttle	abdrosseln
throttle	drosseln
throttle	erdrosseln
throttling	abdrosselnd
throttling	drosselnd
throttling	erdrosselnd
through	durch
through	durch...
through	hindurch
through	räumlich
throughout	Durchweg
throughout	durchweg
throughout	immer
throughput	Durchsatz
throw	Wurf
throw	drehen
throw	schmeißen
throw	wirf!
throw	Überwurf
thrower	Werfer
throwing	schmeißend
thrush	Strahlfäule
thrust	Druck
thrust	Schub
thrust	Schubkraft
thrust	Vorstoß
thrust	stoßen
thud	aufprallen
thud	aufschlagen
thud	dröhnen
thug	Gangster
thug	Rowdy
thug	Schläger
thug	Strolch
thug	Verbrecher
thulium	Thulium
thumb	Daumen
thumb	dumm
thumbnail	Daumennagel
thumbnail	Vorschaubild
thumbprint	Daumenabdruck
thumbtack	Reißbrettstift
thumbtack	Reißnagel
thumbtack	Reißzwecke
thump	Abrollklopfen
thump	Bums
thump	Knuff
thump	knuffen
thumping	Demagogie
thumping	Klopfen
thumping	demagogisch
thunder	Donner
thunder	donnern
thunderbolt	Blitz
thunderbolt	Gewitter
thunderclap	Donnerschlag
thundercloud	Gewitterwolke
thundering	donnernd
thunderous	gewitterschwül
thunderously	Gewitterschwüle
thunderstorm	Gewitter
thus	dadurch
thus	demnach
thus	dieses
thus	folglich
thus	mithin
thus	so
thwack	durchbläuen
thwack	verprügeln
thwart	Ruderbank
thwart	behindern
thwart	durchkreuzen
thwart	entgegenwirken
thwart	hintertreiben
thwart	vereiteln
thyme	Thymian
thymus	Thymus
thyristor	Thyristor
thyroid	Schilddrüse
thyself	selbst
tiara	Pabstkrone
tiara	Tiara
tibia	Schienbein
tic	Spleen
tic	Tick
tick	Augenblick
tick	Häkchen
tick	Ticken
tick	Vermerkzeichen
tick	Zecke
tick	Zeichen
tick	ticken
ticked	getickt
ticked	tickte
ticker	Fernschreiber
ticker	Ticker
ticker	Uhr
ticket	Eintrittskarte
ticket	Fahrkarte
ticket	Fahrschein
ticket	Karte
ticket	Strafmandat
ticking	Drell
ticking	Inlett
ticking	Inlettstoff
ticking	tickend
tickle	kitzele
tickle	kitzeln
tickler	Notizbuch
ticklish	kitzelig
ticklish	kitzlig
ticks	tickt
ticks	tickten
tidbit	Leckerbissen
tide	Ebbe
tide	Gezeiten
tide	Tide
tidied	geordnet
tidiness	Ordnung
tidiness	Ordnungsliebe
tidings	Nachricht
tidings	Neuigkeiten
tidy	aufgeräumt
tidy	aufräumen
tidy	ordentlich
tie	Band
tie	Krawatte
tie	Schnürband
tie	Verknüpfung
tie	anbinden
tie	binden
tie	knüpfen
